n,time
8,0
12,5004
16,123950
12,5004
17,274283
3,0
9,0
14,24022
7,0
5,0
5,0
16,124585
10,1001
4,0
12,4003
5,0
15,53889
3,0
3,0
9,1001
9,0
5,0
11,2002
10,1000
19,1342217
14,24410
20,2928834
4,0
6,0
9,0
8,0
6,0
5,0
10,1001
20,2955085
3,0
10,1001
12,5004
5,0
6,0
5,0
5,0
3,0
19,1340403
4,0
9,0
5,0
9,0
9,0
6,0
7,0
13,11010
20,2976287
3,0
7,0
8,0
12,5023
17,268906
19,1315191
14,24060
14,24021
5,0
17,264464
9,0
4,0
13,11040
4,0
20,2952877
7,0
15,55218
17,288076
12,5147
16,128023
19,1373824
20,3012971
9,0
4,0
3,0
6,0
7,1000
6,0
16,122542
15,79643
11,3003
3,0
10,1000
11,4004
18,651831
3,0
3,0
4,0
19,1386481
4,0
15,55214
3,0
18,663826
12,5004
9,0
6,0
16,123518
14,24020
12,5005
3,0
8,0
4,0
4,0
10,1001
9,0
10,1001
20,3014993
16,121145
7,1000
12,4004
7,0
17,279637
10,1000
19,1376724
13,11010
16,126570
16,127993
14,25934
12,5005
20,3050602
17,281335
17,279868
9,1001
3,0
4,0
11,2002
3,0
13,11009
16,124570
3,0
15,59651
10,1000
5,0
4,0
12,5006
10,999
18,615943
17,278591
5,0
8,0
14,26024
17,277140
16,121725
17,277237
4,0
8,0
13,12011
9,0
11,2002
14,25549
20,3014905
19,1377234
10,1001
18,629810
5,0
5,0
7,0
3,0
4,0
16,127946
18,627286
19,1380878
10,1001
20,3027532
18,623762
15,57919
16,125529
14,27025
8,0
9,1001
3,0
16,150133
14,25022
13,14013
20,3023935
16,126011
16,121292
10,1001
18,615384
15,56562
6,0
9,0
7,0
4,0
7,0
15,57052
15,55105
4,0
7,0
9,0
6,0
13,11010
12,5005
5,0
14,26023
16,130245
5,0
13,11013
17,279945
18,630448
6,1001
19,1365032
5,0
13,11468
5,0
20,2981267
9,1001
19,1438364
7,0
12,5005
18,640739
14,30027
8,0
19,1384553
17,278589
7,0
13,12011
13,11010
13,11010
5,0
5,0
11,3003
16,123891
12,5004
3,0
15,54050
16,124234
18,612968
9,0
14,25023
8,0
17,277391
9,0
9,1001
7,0
5,0
4,0
12,5005
18,625223
9,1002
7,0
16,127876
13,11010
9,0
11,3002
10,0
15,55745
3,0
7,0
6,0
10,1001
3,0
7,0
9,0
17,276655
8,0
6,0
19,1374993
18,623150
19,1384439
9,0
15,57174
8,0
20,2971730
12,5005
10,1001
15,55307
9,0
8,1002
6,0
8,0
6,0
20,2956486
19,1352694
5,0
11,2002
9,0
13,11010
3,0
10,1001
13,11010
5,0
14,24022
12,5004
3,0
4,0
9,0
13,11010
20,2966875
6,0
19,1345440
13,11010
10,1001
14,24938
12,5004
3,0
19,1350000
13,11010
8,0
17,286318
10,1001
10,1001
10,0
3,0
10,1002
11,2001
5,0
16,125257
8,0
4,0
8,0
9,1000
18,628475
4,0
15,56051
19,1356483
18,610055
20,2942929
6,0
18,592948
12,4003
16,130185
13,11010
16,134231
13,11011
5,0
10,1000
11,2003
20,2917521
18,618549
9,1001
10,1001
3,0
20,2913475
20,2938856
18,596549
18,610697
20,2957070
5,0
14,25023
4,0
18,632962
7,0
13,11010
20,2917763
15,55052
18,597038
15,53572
20,2909775
4,0
13,10009
8,1001
6,0
10,1001
20,2949215
19,1326459
4,0
19,1316828
12,5005
5,0
9,0
5,0
20,2930924
16,119415
8,0
10,1000
9,0
17,270874
13,10009
18,596212
7,0
17,272364
5,0
14,24022
11,2002
14,24021
4,0
11,2003
8,1001
18,601851
9,0
3,0
7,0
4,0
12,4004
8,1000
6,0
14,23021
10,1001
18,631009
17,288657
9,1001
5,0
19,1328376
15,53048
6,0
3,0
18,593524
9,1001
13,10224
7,0
10,1001
3,0
14,24022
14,23021
12,5005
10,1000
9,0
7,0
8,0
5,0
15,54773
11,2000
9,1002
7,0
16,117386
14,24022
7,0
8,0
20,2918406
3,0
20,2925964
4,0
5,0
7,0
16,126885
8,0
10,1002
18,605523
6,0
12,5005
3,0
20,2942647
14,24022
3,0
7,0
17,275971
6,0
5,0
11,2001
3,0
8,0
13,11010
14,23488
16,131085
14,25022
14,24022
9,0
5,0
4,0
4,0
6,0
4,0
14,24041
15,53048
5,0
11,2003
9,0
10,1000
19,1396282
15,54513
14,25022
17,281364
18,606977
3,0
13,11010
4,0
11,2002
11,2002
17,270590
20,3117206
11,2002
17,284849
13,11010
6,0
11,2002
17,280708
15,62056
12,5004
11,2002
14,23940
6,0
18,653303
19,1478857
17,281548
20,3199467
10,1002
17,280376
19,1439965
3,0
3,0
12,5005
19,1410265
15,53579
14,24383
12,5006
12,5004
12,5005
14,25023
20,3064083
12,5005
9,1000
7,0
8,0
4,0
5,0
12,5005
5,0
4,0
4,0
15,55050
10,1001
13,11010
17,274360
12,6006
6,0
13,11010
4,0
8,0
17,285688
7,1000
8,0
7,0
4,0
14,26023
18,647398
19,1381683
5,0
19,1408104
11,2002
18,682096
15,56581
9,1001
13,11010
13,11010
14,24675
18,633249
17,277371
10,1000
17,281824
8,0
9,1000
17,285006
12,5005
10,1001
17,284136
13,10009
17,276996
8,0
11,2002
6,0
7,0
19,1361462
15,55050
12,5004
19,1363952
10,2001
14,24023
5,0
15,54817
8,0
4,0
7,1000
17,273374
11,2002
7,0
11,3003
20,3035707
11,2002
11,2002
5,0
19,1367894
17,274622
15,54767
17,272625
7,0
10,1001
11,2003
9,1001
15,53047
17,271441
11,2002
17,276906
15,55374
12,5005
17,277517
11,2002
5,0
16,126942
13,10010
8,1001
11,2002
9,0
14,24021
9,1001
5,0
8,0
9,0
6,0
7,0
9,1001
4,0
13,10009
20,3039294
7,0
18,627889
9,1001
6,0
15,56484
5,0
13,11010
5,0
10,1001
15,54049
15,53377
5,0
8,1001
19,1353150
19,1345233
8,0
5,0
12,5005
10,1001
11,2002
15,53590
9,1002
10,1000
12,4004
4,0
13,11558
6,0
11,2002
19,1344401
12,6005
9,0
6,0
7,0
4,0
9,1002
7,0
19,1361797
16,124080
19,1363532
20,2996920
4,0
9,0
17,278366
12,5005
11,2001
19,1408193
7,0
19,1481870
13,17016
14,25629
14,26023
18,673587
9,0
19,1476253
16,138565
14,27025
20,3275159
3,0
5,0
17,293139
18,638724
11,2002
4,0
8,0
17,285046
11,2001
20,3154239
4,0
13,11010
5,0
20,3063216
20,3219958
6,0
15,56141
18,631131
3,0
15,57108
5,0
8,0
6,0
3,0
6,0
13,12012
9,0
16,136123
19,1416560
3,0
6,0
8,0
8,1001
7,0
18,639470
16,126116
18,626599
20,3011459
17,282034
13,11008
8,0
15,58300
8,0
19,1361788
4,0
15,56051
14,24021
6,0
18,613889
16,123888
7,0
19,1347439
6,0
7,1001
6,0
4,0
14,24022
4,0
17,276165
12,5004
8,0
4,0
16,121509
12,5343
9,0
8,1001
11,2002
9,0
5,0
5,0
8,0
17,275431
12,5554
7,0
13,11010
20,2984673
18,620671
19,1390964
3,0
16,124830
14,25023
17,281676
18,610484
18,612355
7,0
4,0
18,610022
14,25023
3,0
17,281121
12,5005
19,1363759
7,0
17,281106
18,614719
4,0
17,293419
9,1001
16,127821
9,1001
18,623204
3,0
8,0
10,1000
6,0
11,2002
6,0
5,0
6,0
8,0
15,58437
15,58143
13,13012
3,0
14,25927
3,0
10,1001
8,0
17,283433
12,5005
20,3361162
6,0
19,1538204
9,0
18,737104
14,29020
7,0
7,0
12,5004
5,0
15,61027
5,0
6,0
9,0
6,1000
8,0
16,134016
19,1395499
8,0
12,5004
11,2002
18,621075
3,0
12,4981
10,1001
16,126328
9,0
15,55044
17,278676
4,0
9,1000
16,123386
4,0
7,0
5,0
19,1374778
4,0
5,0
4,0
3,0
7,0
7,0
17,279370
15,54590
11,2001
20,2983384
6,0
12,5006
17,276005
11,2002
12,5007
5,0
4,0
5,0
5,0
11,2002
17,276031
19,1379147
12,5660
10,1386
3,0
9,505
17,287814
12,5005
16,123005
7,0
8,994
18,610895
6,0
12,4004
10,1001
18,610880
4,0
6,0
3,0
3,0
10,1014
7,0
5,0
4,0
10,989
18,616415
9,0
19,1352110
12,4992
19,1350358
15,53669
11,2998
11,1441
12,5005
12,5292
9,0
11,2001
7,0
20,2957635
17,278125
11,1995
12,5005
12,4015
16,120973
19,1357470
15,53815
8,1001
19,1357197
6,0
12,5005
14,23951
6,0
20,2998200
14,27001
11,2016
14,24800
9,0
16,132195
10,1002
15,55623
11,2003
10,1001
11,3002
3,0
11,3002
8,0
13,13012
5,0
14,29292
19,1441782
8,0
19,1479115
11,2001
13,11745
13,11037
15,56754
18,651135
11,2470
3,0
9,0
10,994
16,129536
5,0
16,128560
9,995
18,641419
17,281046
16,131013
4,0
3,0
13,11991
6,0
14,26176
9,1001
12,4004
13,12011
9,391
14,24536
15,58187
17,283732
10,1001
13,11010
3,0
7,0
6,855
8,0
3,0
10,995
7,0
16,126203
8,0
6,0
10,1001
12,5004
14,27539
18,634590
3,0
19,1409091
7,0
13,12079
4,0
11,2002
5,0
8,0
5,0
11,2446
11,1997
11,2002
12,5004
5,0
17,275090
20,2975310
10,1000
10,0
8,1001
11,2139
10,988
18,617971
7,1001
9,0
20,2954635
10,1002
19,1373784
19,1347128
13,12002
18,609073
14,24934
16,121095
5,0
11,1984
8,0
3,0
3,0
12,4004
15,57247
18,610549
11,2002
4,0
5,0
5,0
10,1001
17,277291
15,55887
17,275154
18,636077
9,1001
7,0
19,1382478
8,0
10,1001
12,5007
17,280624
10,1000
17,280814
16,124280
11,1656
14,24347
17,282661
5,1001
16,123011
15,56927
19,1388584
15,55938
9,0
5,0
20,3025387
15,55354
6,0
13,11010
5,0
13,9995
13,10982
17,280693
6,0
19,1370145
14,24355
12,3998
11,3004
19,1449795
12,5005
7,0
17,276407
17,288846
14,24481
8,0
5,0
3,1000
3,0
14,23970
18,665044
5,0
12,4875
8,0
12,5059
17,309125
13,11514
13,11491
9,0
16,138889
16,153524
19,1385578
12,5015
5,0
4,0
3,0
8,0
5,0
11,1993
16,122184
4,0
4,0
12,8356
5,0
11,2648
10,994
14,23835
5,0
18,615593
14,24013
8,0
14,24990
6,0
17,290385
16,121114
6,0
6,0
7,0
18,611973
13,10573
12,5004
13,11061
6,0
10,1001
10,1001
6,0
3,0
16,122369
6,0
6,0
5,0
15,53068
9,1000
13,11013
8,0
17,275421
18,611667
7,1001
4,0
16,122945
9,0
3,0
14,24070
13,10931
6,0
18,610485
19,1361786
11,2001
19,1372355
11,1993
15,60811
19,1404134
10,1002
11,2001
7,9
13,10006
9,1000
4,0
15,53994
17,277673
18,608328
18,610154
15,53100
14,24918
18,609950
11,1995
5,0
8,0
11,2002
20,3107587
8,0
13,15013
20,3356837
17,284019
13,11566
13,12010
19,1419806
14,29138
6,0
7,0
13,13011
4,0
13,11011
6,0
6,0
11,2002
10,1000
7,0
9,1346
19,1448215
11,1994
5,0
8,0
8,1001
18,646755
11,2002
14,25498
7,0
16,123392
20,3231231
15,61159
9,0
11,2590
15,61902
5,0
17,305481
3,0
10,1001
12,6006
11,2001
13,13347
20,3262983
4,0
4,0
9,1000
14,24642
3,0
6,0
14,25030
18,650035
19,1443765
5,0
11,2000
11,2003
20,3166137
20,2957600
4,0
7,996
15,52855
18,592864
10,1000
20,2984324
14,22996
18,649065
11,2001
11,2002
19,1429615
12,4931
5,0
18,627522
20,3044583
15,55703
20,2995484
14,24038
18,616028
3,0
18,614532
3,0
10,1000
14,24648
4,0
11,2002
11,2005
14,23822
11,2292
13,11013
3,0
5,0
12,4108
17,274678
14,24005
15,54001
17,275050
16,122992
5,0
5,0
13,11001
9,0
9,1001
20,2989312
5,0
18,623425
17,280688
6,0
5,0
19,1380487
6,0
15,56931
7,0
6,0
10,1001
6,0
13,10459
3,0
8,0
17,277282
20,3089682
3,0
14,25001
7,0
16,122007
13,10006
5,0
9,1000
12,5005
11,2002
10,1000
11,2002
14,25506
10,1000
17,281804
11,2001
11,2362
3,0
9,0
14,24922
7,0
8,0
5,0
17,285380
16,125010
6,0
14,23654
16,123562
20,3189871
10,1001
6,0
17,281320
4,0
5,0
18,638322
11,2002
5,0
11,2001
9,1001
17,283030
6,0
6,0
15,55012
10,1003
19,1390848
5,0
11,2001
9,1001
4,0
12,4004
6,0
10,997
4,0
3,0
3,0
19,1382148
9,0
3,0
10,1000
9,1001
5,0
9,0
19,1368617
10,995
3,0
12,5004
9,672
3,0
11,1895
19,1387392
5,0
4,0
10,1815
6,0
20,3049767
6,0
6,0
19,1350233
18,611415
20,3019307
20,2977318
7,0
11,1997
14,24002
18,612712
16,124349
7,0
18,614130
15,55610
3,0
18,613711
4,0
9,1001
9,0
12,4980
13,10412
8,1001
7,0
7,0
18,613189
18,635642
4,0
14,30031
5,0
16,122239
16,124668
19,1413841
18,616333
8,0
14,23872
10,1001
8,0
20,2973282
5,0
18,612244
11,2002
20,2981191
11,2004
9,0
11,2002
3,0
18,611893
13,10005
14,24003
10,1000
7,0
13,10987
10,998
11,2002
8,0
5,0
13,10843
6,0
9,512
11,1788
12,4383
7,0
14,25140
4,0
20,3031248
16,124588
20,3263466
19,1457181
16,127339
8,0
4,0
18,632717
6,0
12,5074
4,0
10,934
8,0
4,0
9,0
4,0
19,1425149
4,0
19,1468145
11,2001
14,25992
12,6027
14,25979
14,26155
14,26854
12,4992
15,59008
12,5004
19,1425896
8,0
12,5004
16,128816
15,57453
19,1498874
13,10999
14,26516
8,0
3,0
18,647964
18,663769
11,2003
15,57153
19,1403409
19,1364298
20,3021277
16,124022
20,3050666
5,0
18,599179
18,602947
17,284671
16,127016
11,2002
7,0
11,2002
5,0
9,0
4,0
9,1001
14,24193
20,3012988
19,1375299
6,0
5,0
19,1370469
19,1358277
12,5518
3,0
4,0
9,0
6,0
9,0
16,135411
9,0
16,128963
4,0
10,1001
5,0
17,301135
6,0
11,2002
9,0
19,1405927
19,1397906
10,1001
5,0
14,24000
18,626075
7,0
5,0
8,0
20,3168695
9,1018
6,0
20,3159625
10,976
16,123743
20,3228910
8,0
9,0
7,0
15,56571
13,11009
7,0
18,649835
6,0
19,1405243
8,0
18,617121
14,25023
14,24022
16,121999
11,2002
14,24549
3,0
12,5004
18,614932
9,1001
12,5004
7,0
7,0
9,0
15,55051
8,0
9,0
19,1350918
16,121325
16,124276
13,11010
9,431
19,1354781
4,0
7,0
12,5004
9,0
17,281353
5,0
13,11011
13,11010
17,275239
17,275840
16,124540
18,634182
7,0
16,136260
3,0
5,0
8,0
10,1004
8,0
12,5003
3,0
11,3003
12,5004
4,0
17,285505
16,123354
15,55050
20,3016034
12,5005
19,1354365
15,54521
11,2001
13,11010
9,0
5,0
15,54049
17,273677
12,5004
16,134644
8,0
13,11009
3,0
13,10375
11,2002
20,3045267
8,0
19,1508300
16,123982
6,0
16,128009
14,26023
9,0
15,61056
18,694913
12,5005
12,5004
10,1001
4,0
18,635616
8,0
19,1407146
16,127948
3,0
8,0
7,0
8,0
13,11009
9,0
17,283213
8,0
9,1001
4,0
6,0
6,0
11,2003
7,0
13,11009
16,125942
7,0
8,0
15,56354
12,5005
3,0
20,3016675
5,0
15,57009
17,278450
16,130467
4,0
15,56500
9,986
20,3026310
15,58024
4,0
19,1358127
18,640067
15,54226
10,1002
9,0
7,0
12,4791
12,5017
19,1403730
17,274438
19,1348735
7,0
11,2026
15,54377
17,276388
5,0
11,2002
19,1346735
12,5002
14,22998
14,24002
17,273141
7,0
12,5006
10,1000
12,5004
10,1001
18,607605
12,5034
14,23308
20,3060996
12,4003
8,1001
18,636037
5,0
6,0
13,10870
7,0
7,0
14,24137
16,121998
7,0
11,3003
20,3013729
5,0
13,10949
10,1012
3,0
7,0
9,973
10,0
8,995
16,120023
20,2936306
10,1011
4,0
12,3995
19,1324130
5,0
3,0
20,2924957
19,1377490
19,1405140
5,0
3,0
13,10011
18,639162
9,0
4,0
7,0
20,2979855
14,24477
20,2922827
8,1001
19,1354152
20,2974293
15,54362
12,4999
20,3067723
14,26265
10,1001
3,0
11,2002
12,5337
7,0
19,1369796
10,1000
17,270558
8,0
8,0
19,1334956
17,277714
14,23976
13,11003
17,273970
3,0
9,1001
17,277445
3,0
17,280673
8,1001
4,0
12,5524
4,0
3,0
6,0
11,2001
5,0
10,1001
13,10010
8,1001
11,1525
3,0
18,632420
9,0
13,11010
11,3003
15,53608
16,120014
18,602041
20,2904647
4,0
7,0
17,270601
19,1331213
9,0
6,0
15,53011
6,0
12,5005
5,0
13,11392
9,0
7,0
14,23980
13,9971
6,0
18,601074
11,2003
14,24575
9,0
12,5004
15,53436
16,117652
13,9992
17,271029
11,2003
18,609065
6,1001
4,0
18,602425
13,11011
18,595685
20,2951725
6,0
18,592993
8,0
14,23013
9,1001
14,23646
19,1341499
15,53995
11,2002
5,0
5,1001
19,1333144
15,52642
19,1327152
20,2978303
10,991
9,1001
4,0
6,0
16,118369
8,995
15,53659
9,0
14,24006
20,2927098
4,0
5,0
3,0
20,3056986
12,5005
14,24957
10,1001
12,5202
12,4976
13,11625
12,4508
15,54704
8,0
8,0
15,55060
6,0
16,121824
20,3052322
5,0
19,1405678
5,0
4,0
7,1001
19,1483815
16,147007
5,0
7,0
9,1001
10,1002
20,3083308
16,122371
13,11019
6,0
13,10628
8,0
20,3015682
18,611055
9,0
20,3072960
12,5019
9,0
15,56476
7,0
14,26524
15,55989
20,3066701
3,0
17,280018
17,289584
5,0
8,0
16,128461
3,0
10,1000
10,1001
18,653717
9,994
9,0
8,0
17,278042
3,0
20,2988658
8,0
4,0
10,1000
15,55007
11,2003
19,1441781
6,0
6,0
10,1001
4,0
9,0
20,2958313
11,2001
17,278910
8,1001
6,0
20,3039830
7,0
19,1422368
11,2002
7,1001
5,0
5,0
20,3064775
18,648147
10,0
6,1001
4,0
8,0
9,0
7,0
6,0
4,0
16,130135
7,0
9,0
19,1372337
12,5006
19,1414627
5,0
15,54136
9,1000
3,0
3,0
16,123192
16,123055
12,5004
15,55308
16,121263
17,277240
15,60055
12,5004
7,0
18,642885
11,3003
16,131394
15,57075
16,128653
11,3003
18,616265
6,0
18,622567
14,25293
10,1001
9,0
15,54049
15,53383
8,0
3,0
17,296808
4,0
7,1000
5,0
17,310081
9,1001
19,1353714
7,0
3,0
9,0
19,1377260
13,11009
14,27093
10,1443
12,5006
9,0
3,0
10,1002
11,2002
12,6004
19,1394859
20,2983321
17,278397
4,0
14,25023
8,0
5,0
12,5005
8,0
7,0
4,0
6,0
13,11843
11,2002
15,56051
7,0
3,0
16,120935
5,0
9,1002
19,1411899
13,11766
3,0
12,8008
17,278369
19,1423787
5,0
3,0
19,1350790
11,2003
16,122497
6,0
13,11011
10,1507
10,1028
17,280921
17,276138
5,0
13,11010
15,54428
7,0
15,54049
7,0
4,0
7,0
6,0
4,0
13,11010
14,24305
7,0
13,11011
